-2, 5
-1.99, 4.6027
-1.98, 4.21571
-1.97, 3.8389
-1.96, 3.47215
-1.95, 3.11532
-1.94, 2.76829
-1.93, 2.43093
-1.92, 2.10311
-1.91, 1.78471
-1.9, 1.47561
-1.89, 1.17568
-1.88, 0.884795
-1.87, 0.602833
-1.86, 0.329674
-1.85, 0.0651945
-1.84, -0.190725
-1.83, -0.438205
-1.82, -0.677365
-1.81, -0.908324
-1.8, -1.1312
-1.79, -1.34611
-1.78, -1.55317
-1.77, -1.7525
-1.76, -1.94421
-1.75, -2.12842
-1.74, -2.30524
-1.73, -2.47478
-1.72, -2.63716
-1.71, -2.79249
-1.7, -2.94089
-1.69, -3.08245
-1.68, -3.2173
-1.67, -3.34554
-1.66, -3.46727
-1.65, -3.58262
-1.64, -3.69168
-1.63, -3.79456
-1.62, -3.89137
-1.61, -3.98222
-1.6, -4.0672
-1.59, -4.14643
-1.58, -4.22
-1.57, -4.28801
-1.56, -4.35058
-1.55, -4.40781
-1.54, -4.45978
-1.53, -4.5066
-1.52, -4.54838
-1.51, -4.58521
-1.5, -4.61719
-1.49, -4.64441
-1.48, -4.66697
-1.47, -4.68498
-1.46, -4.69852
-1.45, -4.70768
-1.44, -4.71257
-1.43, -4.71327
-1.42, -4.70988
-1.41, -4.7025
-1.4, -4.6912
-1.39, -4.67609
-1.38, -4.65724
-1.37, -4.63476
-1.36, -4.60873
-1.35, -4.57924
-1.34, -4.54638
-1.33, -4.51022
-1.32, -4.47087
-1.31, -4.42839
-1.3, -4.38289
-1.29, -4.33443
-1.28, -4.28312
-1.27, -4.22901
-1.26, -4.17221
-1.25, -4.11279
-1.24, -4.05083
-1.23, -3.98642
-1.22, -3.91962
-1.21, -3.85052
-1.2, -3.7792
-1.19, -3.70573
-1.18, -3.6302
-1.17, -3.55267
-1.16, -3.47322
-1.15, -3.39193
-1.14, -3.30887
-1.13, -3.22411
-1.12, -3.13773
-1.11, -3.0498
-1.1, -2.96039
-1.09, -2.86956
-1.08, -2.7774
-1.07, -2.68397
-1.06, -2.58933
-1.05, -2.49356
-1.04, -2.39672
-1.03, -2.29887
-1.02, -2.2001
-1.01, -2.10045
-1, -2
-0.99, -1.89881
-0.98, -1.79693
-0.97, -1.69445
-0.96, -1.5914
-0.95, -1.48787
-0.94, -1.3839
-0.93, -1.27956
-0.92, -1.1749
-0.91, -1.06999
-0.9, -0.964887
-0.89, -0.85964
-0.88, -0.754309
-0.87, -0.64895
-0.86, -0.543618
-0.85, -0.438368
-0.84, -0.333253
-0.83, -0.228327
-0.82, -0.123641
-0.81, -0.0192488
-0.8, 0.0848
-0.79, 0.188455
-0.78, 0.291665
-0.77, 0.394382
-0.76, 0.496558
-0.75, 0.598145
-0.74, 0.699095
-0.73, 0.799362
-0.72, 0.8989
-0.71, 0.997666
-0.7, 1.09561
-0.69, 1.1927
-0.68, 1.28888
-0.67, 1.38411
-0.66, 1.47836
-0.65, 1.57157
-0.64, 1.66371
-0.63, 1.75475
-0.62, 1.84463
-0.61, 1.93333
-0.6, 2.0208
-0.59, 2.10701
-0.58, 2.19192
-0.57, 2.2755
-0.56, 2.3577
-0.55, 2.43851
-0.54, 2.51787
-0.53, 2.59577
-0.52, 2.67216
-0.51, 2.74702
-0.5, 2.82031
-0.49, 2.89201
-0.48, 2.96208
-0.47, 3.0305
-0.46, 3.09723
-0.45, 3.16226
-0.44, 3.22554
-0.43, 3.28707
-0.42, 3.3468
-0.41, 3.40472
-0.4, 3.4608
-0.39, 3.51502
-0.38, 3.56735
-0.37, 3.61778
-0.36, 3.66627
-0.35, 3.71282
-0.34, 3.7574
-0.33, 3.79998
-0.32, 3.84056
-0.31, 3.87911
-0.3, 3.91561
-0.29, 3.95006
-0.28, 3.98242
-0.27, 4.01269
-0.26, 4.04085
-0.25, 4.06689
-0.24, 4.0908
-0.23, 4.11255
-0.22, 4.13214
-0.21, 4.14956
-0.2, 4.1648
-0.19, 4.17784
-0.18, 4.18868
-0.17, 4.1973
-0.16, 4.20371
-0.15, 4.20788
-0.14, 4.20982
-0.13, 4.20952
-0.12, 4.20697
-0.11, 4.20217
-0.1, 4.19511
-0.09, 4.1858
-0.08, 4.17422
-0.07, 4.16037
-0.06, 4.14426
-0.05, 4.12588
-0.04, 4.10524
-0.03, 4.08232
-0.02, 4.05715
-0.01, 4.0297
1.64105e-15, 4
0.01, 3.96804
0.02, 3.93382
0.03, 3.89736
0.04, 3.85864
0.05, 3.81769
0.06, 3.77451
0.07, 3.7291
0.08, 3.68148
0.09, 3.63165
0.1, 3.57961
0.11, 3.52539
0.12, 3.46899
0.13, 3.41042
0.14, 3.34969
0.15, 3.28682
0.16, 3.22182
0.17, 3.1547
0.18, 3.08548
0.19, 3.01418
0.2, 2.9408
0.21, 2.86537
0.22, 2.7879
0.23, 2.70841
0.24, 2.62693
0.25, 2.54346
0.26, 2.45803
0.27, 2.37066
0.28, 2.28136
0.29, 2.19018
0.3, 2.09711
0.31, 2.0022
0.32, 1.90545
0.33, 1.80691
0.34, 1.70658
0.35, 1.60451
0.36, 1.50071
0.37, 1.39521
0.38, 1.28804
0.39, 1.17922
0.4, 1.0688
0.41, 0.956794
0.42, 0.843236
0.43, 0.728158
0.44, 0.611592
0.45, 0.49357
0.46, 0.374125
0.47, 0.253292
0.48, 0.131105
0.49, 0.00760011
0.5, -0.117188
0.51, -0.243221
0.52, -0.370463
0.53, -0.498875
0.54, -0.628419
0.55, -0.759055
0.56, -0.890744
0.57, -1.02344
0.58, -1.15712
0.59, -1.29172
0.6, -1.4272
0.61, -1.56353
0.62, -1.70065
0.63, -1.83853
0.64, -1.97712
0.65, -2.11637
0.66, -2.25623
0.67, -2.39667
0.68, -2.53762
0.69, -2.67904
0.7, -2.82089
0.71, -2.9631
0.72, -3.10564
0.73, -3.24845
0.74, -3.39148
0.75, -3.53467
0.76, -3.67797
0.77, -3.82133
0.78, -3.96469
0.79, -4.108
0.8, -4.2512
0.81, -4.39423
0.82, -4.53705
0.83, -4.67958
0.84, -4.82177
0.85, -4.96356
0.86, -5.10489
0.87, -5.2457
0.88, -5.38593
0.89, -5.52551
0.9, -5.66439
0.91, -5.8025
0.92, -5.93977
0.93, -6.07614
0.94, -6.21155
0.95, -6.34593
0.96, -6.47921
0.97, -6.61133
0.98, -6.74221
0.99, -6.87179
1, -7
1.01, -7.12677
1.02, -7.25202
1.03, -7.37569
1.04, -7.49771
1.05, -7.61799
1.06, -7.73648
1.07, -7.85308
1.08, -7.96774
1.09, -8.08036
1.1, -8.19089
1.11, -8.29923
1.12, -8.40532
1.13, -8.50907
1.14, -8.6104
1.15, -8.70924
1.16, -8.80551
1.17, -8.89912
1.18, -8.98999
1.19, -9.07805
1.2, -9.1632
1.21, -9.24537
1.22, -9.32446
1.23, -9.4004
1.24, -9.47311
1.25, -9.54248
1.26, -9.60844
1.27, -9.6709
1.28, -9.72977
1.29, -9.78496
1.3, -9.83639
1.31, -9.88395
1.32, -9.92757
1.33, -9.96715
1.34, -10.0026
1.35, -10.0338
1.36, -10.0607
1.37, -10.0832
1.38, -10.1012
1.39, -10.1145
1.4, -10.1232
1.41, -10.1271
1.42, -10.126
1.43, -10.12
1.44, -10.1089
1.45, -10.0926
1.46, -10.071
1.47, -10.044
1.48, -10.0116
1.49, -9.97347
1.5, -9.92969
1.51, -9.8801
1.52, -9.82461
1.53, -9.7631
1.54, -9.69547
1.55, -9.62162
1.56, -9.54143
1.57, -9.45481
1.58, -9.36163
1.59, -9.2618
1.6, -9.1552
1.61, -9.04172
1.62, -8.92126
1.63, -8.79369
1.64, -8.65891
1.65, -8.51681
1.66, -8.36726
1.67, -8.21016
1.68, -8.04539
1.69, -7.87284
1.7, -7.69239
1.71, -7.50392
1.72, -7.30731
1.73, -7.10245
1.74, -6.88921
1.75, -6.66748
1.76, -6.43714
1.77, -6.19806
1.78, -5.95013
1.79, -5.69321
1.8, -5.4272
1.81, -5.15196
1.82, -4.86737
1.83, -4.5733
1.84, -4.26964
1.85, -3.95624
1.86, -3.63299
1.87, -3.29976
1.88, -2.95642
1.89, -2.60284
1.9, -2.23889
1.91, -1.86444
1.92, -1.47935
1.93, -1.08351
1.94, -0.676764
1.95, -0.258993
1.96, 0.16994
1.97, 0.610171
1.98, 1.06183
1.99, 1.52506
2, 2
